10
80
85 97
24 23
19 30
38 67
35 22
38 25
53 1
91 92
100 48
64 74
21 86
58 24
87 55
2 76
36 6
4 7
48 95
63 25
59 14
41 94
14 95
61 3
54 63
20 7
44 22
4 54
10 48
2 9
37 50
69 74
67 57
54 43
28 48
11 35
52 90
97 17
15 42
62 85
50 35
83 97
59 10
45 32
59 61
98 34
47 59
67 57
18 97
89 84
28 32
24 71
73 8
27 21
30 28
97 29
92 97
7 99
99 45
52 43
18 69
53 77
17 19
20 38
17 71
7 56
95 11
84 49
19 69
46 1
26 32
24 61
40 52
80 62
19 70
57 45
87 69
90 20
97 75
54 83
88 81
9 90
45
1 53 5
59 63 4
26 28 10
71 70 7
50 37 2
82 91 3
24 93 1
3 86 10
82 58 10
54 74 9
52 81 7
24 50 9
40 13 6
47 73 10
18 11 0
37 52 0
65 51 6
4 56 7
81 62 2
88 20 9
9 48 1
46 24 0
2 91 3
30 41 9
46 71 1
63 86 8
68 83 0
18 99 1
34 81 1
27 13 3
57 81 8
17 72 2
75 60 6
54 0 5
7 52 9
73 54 3
32 82 8
100 61 5
78 2 7
7 89 10
61 17 9
35 74 5
29 78 7
43 93 7
83 11 7
5
20
7 100
1 51
60 76
81 51
38 76
92 72
96 99
34 1
55 72
5 15
47 41
99 86
91 44
49 71
56 10
72 42
14 80
82 23
99 48
16 69
97
91 22 4
17 49 6
29 1 7
66 96 10
61 14 1
81 100 4
65 30 8
36 35 10
25 80 1
42 86 10
32 22 4
22 31 9
81 41 6
0 43 8
92 93 0
43 43 6
26 56 10
91 87 6
52 52 4
56 18 4
80 41 2
33 89 5
33 60 0
66 15 3
100 10 3
17 48 7
96 71 8
39 31 4
6 70 9
93 13 4
4 50 2
57 41 0
1 34 3
86 76 2
93 70 8
68 1 10
6 80 5
55 18 5
93 70 0
81 46 0
77 15 8
48 56 10
78 6 1
42 26 1
25 56 1
23 60 7
42 5 7
20 87 4
72 94 9
75 40 8
16 83 8
43 90 8
8 41 1
57 43 2
37 93 2
59 24 0
49 69 3
25 19 5
13 65 7
20 29 6
54 85 2
33 96 0
2 91 8
90 70 2
10 97 0
65 46 5
59 16 6
100 14 1
80 51 0
76 81 8
20 61 3
25 43 6
88 61 1
67 12 3
57 34 8
67 84 0
22 45 4
74 30 4
28 100 4
83 77 10
52 97 6
94 45 0
35 15 9
58 97 8
64 57 1
31 17 3
55 97 10
26 1 6
89 25 3
11 74 9
74 39 1
39 30 3
51 41 3
58 82 1
23 100 7
2 91 4
32 70 6
9
19
71 76
34 16
27 2
35 84
1 28
89 50
52 16
17 95
49 5
11 63
95 53
16 23
55 85
44 89
26 78
25 51
58 80
24 99
85 44
62
25 30 4
8 55 5
29 37 0
56 51 0
81 57 9
14 13 9
39 5 4
2 52 8
67 11 6
37 34 3
74 85 4
38 86 8
82 98 3
87 60 5
38 32 7
30 88 4
19 93 6
66 60 8
19 67 9
61 50 3
6 46 4
51 81 0
49 59 7
57 38 2
47 5 9
18 91 5
40 81 2
18 56 2
12 42 10
36 35 0
12 1 7
10 66 9
3 92 4
12 25 0
34 94 2
25 55 9
4 39 4
43 1 3
97 31 5
96 92 5
55 80 3
38 62 0
4 99 9
33 61 0
12 45 4
75 89 7
77 24 6
23 15 0
93 99 3
16 0 0
10 12 8
2 7 7
85 96 10
70 37 6
59 96 6
17 87 5
2 31 7
16 67 10
97 34 5
81 39 5
75 7 9
36 87 1
7
3
84 25
98 52
53 14
59
15 15 7
81 35 10
71 47 2
2 34 10
33 8 3
66 59 0
82 47 5
91 11 1
26 16 9
40 50 3
97 76 10
62 95 8
77 26 6
69 34 8
0 47 8
28 91 2
82 7 7
36 19 6
54 57 2
52 39 2
100 67 8
14 69 0
25 42 8
71 47 9
23 82 1
91 10 6
98 74 3
96 4 8
92 19 6
82 25 1
22 65 5
98 84 8
70 42 0
6 46 6
51 80 9
68 50 9
41 86 0
29 91 0
70 35 10
23 87 4
72 28 7
96 91 8
12 25 8
43 42 8
50 0 7
26 81 6
18 62 8
88 40 6
82 26 8
36 86 8
67 2 7
90 80 8
25 11 0
67 95 3
23 37 5
33 97 5
46 100 10
1 16 8
89 62 7
6
45
36 51
88 29
40 68
69 75
62 77
70 39
55 54
10 55
75 93
73 43
24 50
37 76
73 87
1 0
65 82
50 70
0 7
54 87
2 12
53 100
19 23
10 95
52 9
61 36
27 6
34 59
39 80
28 81
12 92
95 38
3 58
57 7
61 18
86 75
44 37
77 64
8 82
10 43
84 12
38 32
65 7
85 6
58 44
30 67
97 84
11
80 91 7
46 26 8
98 91 10
89 66 7
85 8 2
80 11 0
58 76 10
96 44 9
67 97 1
6 95 4
75 60 10
4
41
8 25
67 39
29 90
86 31
57 21
32 68
35 48
66 30
57 92
47 39
71 76
11 91
17 45
16 81
89 11
78 94
63 23
96 40
9 41
95 41
76 47
20 41
41 33
63 25
26 65
48 11
22 5
26 38
89 7
39 72
7 63
63 60
20 54
78 83
89 78
24 23
11 5
93 74
98 61
50 24
15 21
37
17 1 3
88 81 10
19 48 3
50 20 7
97 96 10
66 89 6
78 10 3
27 6 3
14 70 10
5 0 10
83 48 1
17 51 5
77 8 9
64 21 1
91 16 7
4 38 0
27 49 3
78 68 3
69 35 4
28 66 4
65 44 4
93 36 3
3 63 7
49 88 4
8 71 9
69 56 1
41 58 9
53 84 4
57 25 9
100 46 7
20 13 10
9 70 4
81 18 6
69 38 3
0 32 8
30 55 8
41 63 10
7
33
69 8
88 81
43 52
44 59
51 85
75 37
15 61
62 96
97 45
45 97
90 47
57 53
27 27
2 83
18 15
11 63
1 48
75 3
63 26
22 55
48 66
46 26
90 30
41 74
52 31
11 67
14 39
56 89
58 28
47 98
86 60
34 62
42 33
90
12 86 2
66 16 0
53 98 5
94 38 7
38 50 8
20 81 6
10 47 7
64 86 3
90 60 0
96 100 1
66 41 6
8 89 3
19 74 7
90 60 5
38 78 9
41 96 10
78 79 6
52 66 2
13 74 0
21 28 9
94 7 2
90 65 3
27 79 8
88 48 0
0 99 0
38 57 8
33 38 5
47 32 3
39 8 2
31 98 10
78 9 3
58 80 2
93 99 6
89 32 9
81 34 10
89 0 10
85 2 3
41 86 9
8 51 1
100 53 5
28 28 1
95 6 10
44 61 2
44 42 9
45 54 3
97 72 5
66 66 3
93 36 8
89 46 7
38 82 4
78 36 1
28 58 5
39 56 8
26 5 3
13 68 3
54 5 10
23 47 10
39 5 9
18 45 6
98 84 5
5 76 7
77 26 10
12 75 8
12 57 10
78 87 9
95 8 0
44 75 0
42 16 1
61 47 8
4 100 7
1 61 7
77 100 9
45 40 8
12 33 2
38 100 6
92 15 9
8 51 3
28 51 2
10 63 1
92 84 10
43 49 0
47 53 3
35 37 0
81 38 10
66 29 9
57 36 1
45 37 8
74 84 2
43 77 10
35 1 2
2
98
20 42
57 64
41 71
96 58
8 76
69 1
91 13
17 80
54 30
87 91
91 65
34 18
6 15
56 21
12 5
27 25
14 1
21 48
87 83
93 99
49 89
25 35
79 47
79 44
29 2
76 20
22 95
57 77
98 50
43 58
11 24
82 36
27 4
41 70
54 100
85 38
41 38
58 64
28 49
49 71
99 56
27 79
90 6
40 16
76 94
69 16
40 73
65 29
28 3
52 42
56 46
41 5
52 6
21 90
58 44
14 2
31 69
85 4
100 82
37 13
49 75
62 14
0 71
90 66
21 49
53 78
69 12
62 54
55 13
93 6
50 14
52 19
8 67
30 38
94 79
94 49
38 56
44 25
37 94
77 72
42 72
92 1
14 2
82 84
14 66
76 81
25 2
90 62
16 25
27 59
85 36
42 5
95 90
74 97
95 2
21 98
56 57
42 40
41
75 58 5
72 83 2
7 32 5
76 35 5
47 10 10
15 53 0
76 88 8
93 3 5
31 21 0
86 65 0
80 86 2
41 2 6
61 28 10
59 8 5
74 26 4
11 17 2
66 36 2
75 5 0
88 76 5
14 38 6
78 46 10
95 54 7
61 52 0
58 45 1
17 31 8
74 92 3
59 24 1
56 2 10
0 68 0
83 42 7
13 99 8
35 75 6
14 44 6
2 12 8
31 86 9
76 63 6
1 11 8
91 55 7
23 89 1
92 97 6
29 24 5
8
6
90 17
50 54
58 25
88 21
19 50
85 29
90
79 2 1
71 87 10
33 44 5
11 18 10
55 100 1
46 87 5
52 76 4
28 48 2
83 21 10
6 92 4
64 5 2
96 37 8
14 1 7
20 87 3
4 94 7
68 50 0
34 25 10
64 27 3
47 93 8
100 60 5
36 61 10
75 4 5
66 48 6
12 62 6
0 56 5
19 31 10
51 8 8
17 94 6
22 89 1
95 35 10
36 75 5
29 72 8
10 32 5
51 38 1
91 34 3
31 8 6
65 32 7
26 0 10
68 97 2
45 20 7
100 85 8
6 33 2
5 74 3
44 75 8
23 65 1
93 24 7
52 47 5
72 12 3
66 41 2
77 59 1
83 51 9
57 66 9
100 64 3
71 8 10
13 39 0
40 58 4
22 37 0
0 22 2
87 67 10
77 42 10
77 15 8
25 26 7
40 92 9
53 94 2
41 58 1
42 27 2
13 85 6
91 34 2
93 12 4
62 54 8
89 49 5
45 16 10
46 34 0
60 22 10
93 60 4
41 59 4
49 49 2
93 91 6
81 67 7
24 60 6
58 83 9
71 1 9
93 17 1
33 29 9
30 21 10
48 59 3
67 92 0
10 22 0
50 55 7
60 67 7
8
33
13 15
38 53
98 72
15 40
40 5
51 33
79 45
31 20
64 72
17 24
11 93
45 41
12 80
6 93
35 49
11 74
13 10
70 19
32 94
92 28
84 65
28 5
10 73
43 65
9 42
70 83
40 19
61 13
53 78
86 38
55 98
94 89
23 38
12
52 45 10
41 87 5
48 23 9
52 42 6
94 1 2
58 42 1
9 65 0
88 58 1
1 22 6
8 46 9
33 8 9
97 96 10
5